0 0.000000000000000000
0 0.000000000000000000
0 0.000000000000000000
0 0.000000000000002097
0 0.000000000000000008
0 0.000000000000000008
0 0.000000000000000027
0 0.000000000000000286
0 0.000000000000000286
0 0.000000000000000286
0 0.000000000000000286
0 0.000000000000000286
1 0.000000000000000510
0 0.000000000000000286
1 0.000000000000000510
0 0.000000000000000000
1 0.000000000000000000
0 0.000000000000000000
1 0.000000000000000000
0 0.000000000000000000
1 0.000000000000002157
0 0.000000000000000000
0 0.000000000000000000
0 0.000000000000000000
1 0.000000000000000000
0 0.000000000000000000
1 0.000000000000000027
0 0.000000000000000000
1 0.000000000000000027
0 0.000000000000000000
1 0.000000000000003682
